sample_data/raw/cast_001.cnv
* Sea-Bird SBE 9/11 CTD
* Cast ID: cast_001
* Cruise: GOMECC-4
* Vessel: R/V Ronald H. Brown
* Latitude: 27.5
* Longitude: -96.5
* Start time: 2026-05-14T23:32:32.721301
*
*END*
0.0 28.3852 54.0301 34.7888 7.50
5.4 28.4638 54.1151 34.7975 7.23
10.7 28.5513 54.3331 34.8457 6.96
16.1 28.3756 54.1376 34.8317 6.69
21.5 28.3756 54.1573 34.7844 6.43
26.8 28.5569 54.3834 34.9227 6.16
32.2 28.4758 54.5265 34.9638 5.89
37.6 28.3521 54.3027 34.9637 5.62
43.0 28.4533 54.4169 34.9103 5.35
48.3 28.3527 54.2851 34.9524 5.08
53.7 27.7987 53.7976 34.9656 4.82
59.1 27.0642 53.6143 35.0923 4.55
64.4 26.0433 52.7350 35.1477 4.28
69.8 25.2567 51.7525 35.1342 4.01
75.2 24.5676 51.3708 35.1865 3.74
80.5 23.7172 50.7074 35.1200 3.47
85.9 23.0445 49.9915 35.1920 3.20
91.3 22.1169 49.3086 35.1349 2.94
96.6 21.2611 48.6253 35.1810 2.67
102.0 20.7436 48.1749 35.2773 2.40
107.4 19.7691 47.3423 35.2331 2.13
112.8 18.9930 46.5734 35.3154 1.86
118.1 18.0384 46.1004 35.2900 1.59
123.5 17.3211 45.4221 35.4066 1.33
128.9 16.5812 44.7318 35.2801 1.06
134.2 15.6497 43.8199 35.2097 0.79
139.6 14.9970 43.4202 35.2821 0.52
145.0 14.0940 42.4081 35.2387 0.25
150.3 13.3195 41.9211 35.3382 -0.02
155.7 12.4831 41.1803 35.2935 -0.29
161.1 11.9232 40.7192 35.2862 -0.55
166.4 10.9312 39.8916 35.2882 -0.82
171.8 10.0214 38.9905 35.3325 -1.09
177.2 9.4041 38.3734 35.2737 -1.36
182.6 10.9444 39.9803 35.3359 -1.63
187.9 7.7320 36.8703 35.3499 -1.90
193.3 6.7098 36.2744 35.2810 -2.16
198.7 5.9675 35.4163 35.2521 -2.43
204.0 14.9794 43.2703 35.2731 -2.70
209.4 14.9799 43.2793 35.3345 -2.97
214.8 14.8695 43.2104 35.3038 -3.24
220.1 14.7871 43.3050 35.3308 -3.51
225.5 14.7149 43.2627 35.3876 -3.78
230.9 14.5434 42.9939 35.3111 -4.04
236.2 14.5656 42.9107 35.2592 -4.31
241.6 14.5378 42.8478 35.3526 -4.58
247.0 14.6359 42.9329 35.3023 -4.85
252.3 14.5109 42.9256 35.3434 -5.12
257.7 14.2465 42.7891 35.3532 -5.39
263.1 14.4015 42.7631 35.2519 -5.65
268.5 14.2769 42.8893 35.3690 -5.92
273.8 14.1941 42.7386 35.3452 -6.19
279.2 14.2692 42.6717 35.2697 -6.46
284.6 14.2575 42.9396 35.3152 -6.73
289.9 14.1938 42.6956 35.3128 -7.00
295.3 13.9631 42.3987 35.3012 -7.27
300.7 13.9624 42.6793 35.3436 -7.53
306.0 13.9727 42.6574 35.3718 -7.80
311.4 13.9835 42.6433 35.3003 -8.07
316.8 13.7843 42.3583 35.3665 -8.34
322.1 13.7600 42.4264 35.3494 -8.61
327.5 13.6142 42.0128 35.3116 -8.88
332.9 13.5515 42.1798 35.3088 -9.14
338.3 13.6987 42.1348 35.2424 -9.41
343.6 13.6994 41.9959 35.2250 -9.68
349.0 13.5029 42.1649 35.3082 -9.95
354.4 13.5567 41.8675 35.2572 -10.22
359.7 13.4388 41.8047 35.2980 -10.49
365.1 13.2845 41.8700 35.2733 -10.76
370.5 13.3314 41.8582 35.2106 -11.02
375.8 13.3954 42.0820 35.3179 -11.29
381.2 13.1843 41.8313 35.2793 -11.56
386.6 13.2907 42.0273 35.3040 -11.83
391.9 12.8186 41.4841 35.2553 -12.10
397.3 13.1090 41.6864 35.2833 -12.37
402.7 12.9819 41.6947 35.3780 -12.63
408.1 12.8896 41.5104 35.3064 -12.90
413.4 12.8749 41.5813 35.3275 -13.17
418.8 12.6133 41.1094 35.2365 -13.44
424.2 12.7364 41.5755 35.4195 -13.71
429.5 12.7404 41.5052 35.3922 -13.98
434.9 12.7988 41.5650 35.3682 -14.24
440.3 12.5455 41.3149 35.3414 -14.51
445.6 12.4628 40.9236 35.3008 -14.78
451.0 12.4398 41.0846 35.3221 -15.05
456.4 12.5278 41.2766 35.3524 -15.32
461.7 12.4154 41.0876 35.2686 -15.59
467.1 12.2759 41.0099 35.2778 -15.86
472.5 12.3265 40.9878 35.2165 -16.12
477.9 12.2312 41.0798 35.2614 -16.39
483.2 12.2646 41.1307 35.3831 -16.66
488.6 12.0439 40.7618 35.2833 -16.93
494.0 12.0276 40.6211 35.2841 -17.20
499.3 11.9675 40.6296 35.3159 -17.47
504.7 11.8067 40.5704 35.2194 3.12
510.1 11.9289 40.8772 35.3473 3.09
515.4 11.8717 40.8951 35.3633 2.94
520.8 11.7925 40.5391 35.3189 2.93
526.2 11.7148 40.5982 35.3826 3.06
531.5 11.5430 40.3341 35.2337 2.95
536.9 11.5888 40.7367 35.3922 2.88
542.3 13.5929 42.1343 35.2635 3.24
547.7 11.4433 40.3841 35.2360 2.97
553.0 11.4537 40.3155 35.2881 2.94
558.4 11.4565 40.5377 35.3936 2.78
563.8 11.5510 40.5001 35.2990 3.09
569.1 11.3262 40.1678 35.2534 2.90
574.5 11.2808 39.9902 35.2353 3.00
579.9 11.1939 40.0586 35.2947 3.10
585.2 10.9558 39.9220 35.2003 2.90
590.6 11.0913 40.0185 35.2350 3.01
596.0 11.0463 40.0102 35.3772 3.15
601.3 11.2329 40.1702 35.3662 2.75
606.7 10.9136 39.6727 35.2936 2.92
612.1 10.9093 39.9684 35.2767 2.91
617.4 10.8220 39.8673 35.3029 2.98
622.8 10.6549 39.7495 35.4174 3.00
628.2 10.8324 39.8292 35.3202 2.89
633.6 10.7396 39.5409 35.3455 2.93
638.9 10.6898 39.6045 35.2899 2.92
644.3 10.4661 39.6081 35.3030 2.96
649.7 10.6436 39.7608 35.3324 3.02
655.0 10.3095 39.3773 35.3063 3.09
660.4 10.4547 39.3566 35.2051 3.11
665.8 10.5613 39.7091 35.3640 3.07
671.1 10.1895 39.1735 35.2692 2.91
676.5 10.1783 39.1779 35.4056 3.00
681.9 10.1912 39.2767 35.3343 3.24
687.2 10.0772 39.1854 35.3035 3.10
692.6 9.9188 39.1411 35.3220 2.96
698.0 10.0270 38.9493 35.2946 3.16
703.4 9.8602 38.9164 35.2757 2.96
708.7 9.9601 39.0472 35.3104 2.93
714.1 9.7671 38.8152 35.3442 3.14
719.5 9.9604 39.0684 35.2768 2.87
724.8 9.6734 38.8376 35.2689 2.81
730.2 9.6658 38.7428 35.2822 3.09
735.6 9.7256 39.1022 35.3476 3.00
740.9 9.4675 38.6686 35.3726 3.01
746.3 9.5597 38.6772 35.3181 2.96
751.7 9.6139 38.7344 35.3291 2.98
757.0 9.2688 38.3354 35.2685 2.95
762.4 9.3943 38.5532 35.3438 2.94
767.8 9.3481 38.4087 35.3276 2.96
773.2 9.3466 38.4637 35.2645 2.96
778.5 9.0911 38.2093 35.2106 2.92
783.9 9.0290 37.9532 35.2390 2.95
789.3 9.1596 38.3154 35.2665 2.75
794.6 9.0834 38.3639 35.3581 3.07
800.0 9.0250 38.3825 35.3776 3.04
