sample_data/raw/cast_003.cnv
* Sea-Bird SBE 9/11 CTD
* Cast ID: cast_003
* Cruise: GOMECC-4
* Vessel: R/V Ronald H. Brown
* Latitude: 28.1
* Longitude: -94.5
* Start time: 2026-05-14T23:32:32.726044
*
*END*
0.0 27.6247 53.2498 34.7426 7.50
3.4 27.6151 53.3889 34.7836 7.33
6.7 27.4145 53.2730 34.8138 7.16
10.1 27.5167 53.4638 34.8080 7.00
13.4 27.5265 53.4232 34.8731 6.83
16.8 27.5031 53.2943 34.8448 6.66
20.1 27.4221 53.4337 34.8253 6.49
23.5 27.4099 53.3469 34.8744 6.33
26.8 27.4745 53.5544 34.8952 6.16
30.2 27.5944 53.5341 34.8222 5.99
33.6 27.5314 53.6167 34.9622 5.82
36.9 27.4400 53.4419 34.9082 5.65
40.3 27.5543 53.5500 34.9286 5.49
43.6 27.1922 53.3866 34.9995 5.32
47.0 27.5920 53.8487 35.0193 5.15
50.3 27.2528 53.3123 34.9670 4.98
53.7 26.8871 53.2347 35.0623 4.82
57.0 26.3081 52.5422 35.0140 4.65
60.4 25.7872 52.3146 35.1525 4.48
63.8 25.5294 52.0211 35.0391 4.31
67.1 24.8632 51.3616 35.1108 4.14
70.5 24.4413 51.3522 35.0773 3.98
73.8 23.8986 50.8017 35.2442 3.81
77.2 23.4476 50.3023 35.0868 3.64
80.5 22.9042 50.1022 35.1896 3.47
83.9 22.2649 49.2787 35.1403 3.31
87.2 21.9895 48.9422 35.1719 3.14
90.6 21.3371 48.6377 35.2239 2.97
94.0 20.7275 48.1358 35.2730 2.80
97.3 20.3370 47.6986 35.3026 2.63
100.7 20.0265 47.4850 35.1533 2.47
104.0 21.5216 48.9034 35.2514 2.30
107.4 18.8348 46.7620 35.3181 2.13
110.7 18.3314 45.9027 35.1672 1.96
114.1 17.8308 45.5606 35.2728 1.80
117.4 17.5673 45.4386 35.2620 1.63
120.8 16.8945 44.9213 35.2874 1.46
124.2 16.3959 44.5214 35.2320 1.29
127.5 15.9526 44.1507 35.2024 1.12
130.9 15.3701 43.6030 35.1816 0.96
134.2 14.8169 43.2124 35.3289 0.79
137.6 14.3199 42.8451 35.3377 0.62
140.9 13.8290 42.2306 35.2997 0.45
144.3 13.3291 41.8317 35.2598 0.29
147.7 12.9022 41.2650 35.2070 0.12
151.0 12.3313 41.0265 35.3178 -0.05
154.4 11.8960 40.5581 35.2359 -0.22
157.7 11.3113 40.2400 35.2565 -0.39
161.1 10.8239 39.6319 35.2637 -0.55
164.4 10.1128 39.0715 35.2840 -0.72
167.8 9.9009 38.8732 35.2567 -0.89
171.1 9.3406 38.3636 35.2970 -1.06
174.5 8.9024 37.9152 35.2648 -1.22
177.9 8.0096 37.4236 35.3315 -1.39
181.2 8.0047 37.2098 35.3484 -1.56
184.6 7.2786 36.4983 35.3027 -1.73
187.9 6.9000 36.3902 35.3207 -1.90
191.3 6.1818 35.8999 35.4038 -2.06
194.6 5.8437 35.2810 35.2395 -2.23
198.0 5.1738 34.7009 35.2367 -2.40
201.3 14.9242 43.3245 35.3333 -2.57
204.7 15.1444 43.4943 35.3961 -2.73
208.1 14.9004 43.1406 35.2859 -2.90
211.4 14.9076 43.4356 35.3854 -3.07
214.8 14.9394 43.3367 35.3040 -3.24
218.1 14.8684 43.2988 35.2652 -3.41
221.5 14.8003 42.9653 35.2498 -3.57
224.8 14.7882 43.1296 35.3309 -3.74
228.2 14.9585 43.2617 35.2538 -3.91
231.5 14.6788 42.9605 35.3036 -4.08
234.9 14.6711 43.2028 35.3788 -4.24
238.3 14.7225 43.1911 35.2843 -4.41
241.6 14.6944 43.0856 35.3654 -4.58
245.0 14.6690 42.9722 35.2390 -4.75
248.3 14.5807 43.0796 35.2731 -4.92
251.7 14.3689 42.8784 35.2295 -5.08
255.0 14.6130 43.0750 35.3035 -5.25
258.4 14.3015 42.8332 35.3389 -5.42
261.7 14.4128 42.7430 35.3036 -5.59
265.1 14.2736 42.8139 35.3612 -5.76
268.5 14.3090 42.7455 35.2624 -5.92
271.8 14.3148 42.7334 35.3112 -6.09
275.2 14.2805 42.6203 35.2736 -6.26
278.5 14.2570 42.5857 35.3180 -6.43
281.9 14.3426 42.6236 35.3251 -6.59
285.2 14.1930 42.4783 35.3291 -6.76
288.6 14.0897 42.5424 35.2464 -6.93
291.9 14.1769 42.5863 35.2555 -7.10
295.3 14.1659 42.5255 35.2648 -7.27
298.7 10.7097 39.5746 35.2880 -7.43
302.0 14.0396 42.5344 35.3043 -7.60
305.4 14.0164 42.5149 35.3354 -7.77
308.7 13.8830 42.1887 35.2576 -7.94
312.1 14.0168 42.4852 35.2199 -8.10
315.4 13.8306 42.4892 35.4078 -8.27
318.8 13.8246 42.2838 35.2434 -8.44
322.1 13.7612 42.4045 35.3418 -8.61
325.5 13.7465 42.1791 35.3016 -8.78
328.9 13.6018 42.2701 35.3126 -8.94
332.2 13.5338 42.0614 35.2999 -9.11
335.6 13.8037 42.3759 35.2808 -9.28
338.9 13.5260 42.1711 35.3232 -9.45
342.3 13.4780 41.8990 35.2781 -9.61
345.6 13.3283 42.0193 35.3583 -9.78
349.0 13.4462 42.0691 35.3284 -9.95
352.3 13.3442 41.9535 35.3300 -10.12
355.7 13.6072 42.1038 35.2746 -10.29
359.1 13.5104 42.0375 35.2882 -10.45
362.4 13.3070 41.8953 35.2406 -10.62
365.8 13.5675 42.1478 35.2823 -10.79
369.1 13.4069 41.9138 35.2482 -10.96
372.5 13.2427 41.7592 35.3657 -11.12
375.8 12.9917 41.6660 35.3025 -11.29
379.2 13.4371 42.0830 35.3085 -11.46
382.6 13.0355 41.8697 35.2887 -11.63
385.9 12.9764 41.7214 35.3099 -11.80
389.3 13.2096 41.7612 35.4232 -11.96
392.6 13.3178 41.8896 35.2850 -12.13
396.0 13.1787 41.9222 35.2675 -12.30
399.3 13.0631 41.7736 35.3265 -12.47
402.7 13.0326 41.5380 35.1737 -12.63
406.0 13.0249 41.7419 35.3032 -12.80
409.4 12.9819 41.5273 35.2814 -12.97
412.8 12.9006 41.5310 35.2504 -13.14
416.1 12.8493 41.5025 35.3254 -13.31
419.5 12.7991 41.4560 35.3027 -13.47
422.8 12.6964 41.3436 35.2099 -13.64
426.2 12.7102 41.2483 35.2677 -13.81
429.5 12.5354 41.1881 35.1556 -13.98
432.9 12.6613 41.3126 35.3147 -14.14
436.2 12.5387 41.2747 35.3142 -14.31
439.6 12.4937 41.0073 35.2603 -14.48
443.0 12.5885 41.3800 35.3270 -14.65
446.3 12.6761 41.4226 35.2359 -14.82
449.7 12.5952 41.1755 35.2517 -14.98
453.0 12.3127 40.9524 35.3209 -15.15
456.4 12.3373 41.0488 35.2656 -15.32
459.7 12.4968 41.3418 35.2969 -15.49
463.1 12.2709 40.8270 35.2718 -15.65
466.4 12.3131 40.9074 35.2795 -15.82
469.8 12.3570 41.0139 35.2816 -15.99
473.2 12.1716 40.7974 35.2647 -16.16
476.5 12.2454 40.9209 35.3151 -16.33
479.9 12.0679 40.5860 35.2686 -16.49
483.2 12.1076 40.9266 35.3008 -16.66
486.6 12.1662 40.9098 35.2636 -16.83
489.9 11.9414 40.4654 35.2233 -17.00
493.3 12.1112 41.0702 35.3456 -17.16
496.6 12.0316 41.0002 35.3250 -17.33
500.0 12.0552 40.8817 35.4144 -17.50
