sample_data/raw/cast_004.cnv
* Sea-Bird SBE 9/11 CTD
* Cast ID: cast_004
* Cruise: GOMECC-4
* Vessel: R/V Ronald H. Brown
* Latitude: 26.8
* Longitude: -92.0
* Start time: 2026-05-14T23:32:32.727763
*
*END*
0.0 28.8927 54.4807 34.7774 7.50
10.1 28.9681 54.3919 34.7688 7.00
20.1 28.8664 54.7254 34.8910 6.49
30.2 29.1714 54.8886 34.8703 5.99
40.3 28.9204 54.6037 34.9222 5.49
50.3 28.9123 54.7644 34.9543 4.98
60.4 27.3208 53.5544 35.0827 4.48
70.5 26.0656 52.7888 35.2195 3.98
80.5 24.5581 51.4308 35.1100 3.47
90.6 23.0225 49.9204 35.2024 2.97
100.7 21.4449 48.8955 35.3008 2.47
110.7 19.7767 47.3538 35.2474 1.96
120.8 18.4119 46.3135 35.2893 1.46
130.9 16.8184 44.8072 35.2242 0.96
140.9 15.4403 43.6229 35.3060 0.45
151.0 13.9105 42.3119 35.2803 -0.05
161.1 12.2240 40.8779 35.3423 -0.55
171.1 10.8736 39.9096 35.3547 -1.06
181.2 9.3370 38.5506 35.4263 -1.56
191.3 7.4813 37.0232 35.3269 -2.06
201.3 15.0667 43.3910 35.3149 -2.57
211.4 14.8427 43.1266 35.3088 -3.07
221.5 14.6966 42.8884 35.2817 -3.57
231.5 14.6002 42.8203 35.3165 -4.08
241.6 14.5704 42.7799 35.2849 -4.58
251.7 14.5312 42.9613 35.3082 -5.08
261.7 14.2460 42.8097 35.3658 -5.59
271.8 14.3009 42.5097 35.2496 -6.09
281.9 14.2389 42.8354 35.3569 -6.59
291.9 14.2667 42.7344 35.3658 -7.10
302.0 13.8722 42.3706 35.2941 -7.60
312.1 16.3096 44.5053 35.1939 -8.10
322.1 13.8047 42.3616 35.2696 -8.61
332.2 13.7926 42.3506 35.3648 -9.11
342.3 13.5468 41.9981 35.2989 -9.61
352.3 13.5964 41.8587 35.2500 -10.12
362.4 13.1821 41.6744 35.2748 -10.62
372.5 13.1498 41.7787 35.3420 -11.12
382.6 13.2094 41.7373 35.3273 -11.63
392.6 12.9327 41.5385 35.2881 -12.13
402.7 12.8557 41.4868 35.2817 -12.63
412.8 12.8197 41.4259 35.2804 -13.14
422.8 12.8490 41.3794 35.2539 -13.64
432.9 12.4815 41.2929 35.3808 -14.14
443.0 12.5875 41.3009 35.2839 -14.65
453.0 12.5731 41.2271 35.3609 -15.15
463.1 12.3496 41.3026 35.3761 -15.65
473.2 15.4356 43.8039 35.3499 -16.16
483.2 12.2080 40.9307 35.2784 -16.66
493.3 12.0479 40.9110 35.3202 -17.16
503.4 12.1055 40.8905 35.2988 3.05
513.4 11.7546 40.6094 35.2548 2.95
523.5 11.7599 40.6198 35.3162 2.99
533.6 11.6850 40.3804 35.2410 3.26
543.6 11.5259 40.4771 35.3594 2.85
553.7 11.1760 39.9305 35.2768 3.03
563.8 11.3463 40.2432 35.3101 3.05
573.8 11.3518 40.2402 35.3142 3.11
583.9 11.2389 40.0957 35.2871 3.01
594.0 11.0959 40.0293 35.3293 3.03
604.0 10.8499 39.5823 35.2763 2.96
614.1 10.8986 39.8356 35.3436 3.03
624.2 10.7010 39.6053 35.2327 2.97
634.2 10.6931 39.6896 35.3063 3.06
644.3 10.5692 39.5666 35.3969 2.96
654.4 10.3587 39.4506 35.2500 3.04
664.4 10.2665 39.1771 35.2661 3.00
674.5 10.2905 39.4497 35.3257 3.11
684.6 10.1323 39.2412 35.3090 2.99
694.6 9.9697 39.0038 35.3175 2.82
704.7 9.8607 39.1608 35.3245 3.13
714.8 9.8220 38.8400 35.3317 2.91
724.8 9.9085 39.1545 35.3555 2.93
734.9 9.5984 38.8562 35.3205 2.94
745.0 9.5489 38.6122 35.2879 3.14
755.0 9.4598 38.7929 35.3336 2.79
765.1 9.2359 38.5024 35.3950 3.31
775.2 9.0720 38.3051 35.2934 3.11
785.2 9.0450 38.2349 35.2513 3.02
795.3 9.0717 38.3332 35.3554 2.99
805.4 8.9550 38.2616 35.2940 3.03
815.4 8.9159 38.1166 35.1914 3.05
825.5 8.7546 37.8871 35.3424 3.06
835.6 8.6333 38.0143 35.2732 3.06
845.6 8.4832 37.6128 35.2955 3.01
855.7 8.5314 37.9485 35.3166 2.98
865.8 8.2504 37.7078 35.3095 2.98
875.8 8.1306 37.4111 35.3355 2.98
885.9 8.1976 37.4783 35.2782 3.11
896.0 7.9070 37.2081 35.3257 3.06
906.0 8.1811 37.4962 35.2870 2.71
916.1 7.8469 37.2509 35.3369 3.07
926.2 7.7730 37.2906 35.3308 3.02
936.2 7.5567 37.0759 35.2532 3.00
946.3 7.5054 37.1473 35.3543 2.96
956.4 7.3936 36.7712 35.2732 3.11
966.4 7.2814 36.7806 35.3404 3.09
976.5 7.2982 36.6266 35.3184 2.92
986.6 7.0893 36.6105 35.3919 3.04
996.6 7.1353 36.7223 35.2888 2.90
1006.7 7.1992 36.8381 35.2825 2.86
1016.8 6.8027 36.2271 35.2990 2.94
1026.8 6.7468 36.2297 35.2848 3.09
1036.9 6.6688 36.2768 35.3400 3.10
1047.0 6.7114 36.2220 35.2192 3.05
1057.0 6.4213 35.8916 35.2473 3.07
1067.1 6.2460 35.8636 35.2466 3.05
1077.2 6.1016 35.7522 35.3475 2.94
1087.2 6.1217 35.8559 35.3855 3.04
1097.3 5.9820 35.7001 35.2948 3.08
1107.4 6.1272 35.7707 35.2916 3.08
1117.4 6.0025 35.6316 35.3035 3.12
1127.5 5.6214 35.3890 35.3581 3.07
1137.6 5.5531 35.2288 35.2536 3.04
1147.7 5.5309 35.2411 35.3119 3.11
1157.7 5.5625 35.3182 35.3488 3.00
1167.8 5.3278 35.2775 35.3251 2.91
1177.9 5.1568 35.0109 35.3095 2.98
1187.9 5.1149 34.9305 35.3501 2.93
1198.0 4.9573 34.7115 35.1648 2.93
1208.1 4.9797 34.7961 35.3339 2.99
1218.1 4.7479 34.6811 35.2673 2.92
1228.2 4.6671 34.4745 35.2085 2.97
1238.3 4.7336 34.6009 35.3256 2.81
1248.3 4.4399 34.4440 35.3687 3.02
1258.4 4.2715 34.0236 35.2931 3.00
1268.5 4.3249 34.1689 35.3476 2.92
1278.5 4.1787 34.0682 35.3806 3.07
1288.6 4.1652 34.1773 35.3657 3.09
1298.7 4.0452 34.2487 35.3820 2.84
1308.7 3.9096 34.1386 35.3371 2.92
1318.8 3.8060 33.8586 35.3038 2.92
1328.9 3.6378 33.6201 35.2199 2.91
1338.9 3.6191 33.4397 35.2877 3.08
1349.0 3.5982 33.5204 35.2578 2.98
1359.1 3.3121 33.3910 35.4085 2.97
1369.1 3.3082 33.2949 35.2912 2.80
1379.2 3.3119 33.3590 35.3062 3.06
1389.3 3.1579 33.2162 35.3276 2.88
1399.3 3.1377 33.0254 35.3022 3.01
1409.4 2.8492 33.1254 35.3848 3.03
1419.5 2.6223 32.6391 35.2689 3.14
1429.5 2.7248 32.8990 35.3097 2.87
1439.6 2.6403 32.9668 35.2629 2.70
1449.7 2.6402 32.6420 35.2340 3.02
1459.7 2.5215 32.4120 35.2694 3.18
1469.8 2.3557 32.5200 35.2981 3.12
1479.9 2.2779 32.5743 35.2785 3.02
1489.9 2.0815 32.4785 35.2654 2.95
1500.0 1.8781 31.9515 35.2297 3.08
