sample_data/raw/cast_002.cnv
* Sea-Bird SBE 9/11 CTD
* Cast ID: cast_002
* Cruise: GOMECC-4
* Vessel: R/V Ronald H. Brown
* Latitude: 27.75
* Longitude: -95.8
* Start time: 2026-05-14T23:32:32.724032
*
*END*
0.0 28.1233 54.0271 34.7544 7.50
6.7 28.1269 53.7924 34.7717 7.16
13.4 28.0271 53.6555 34.7424 6.83
20.1 28.0463 53.9532 34.8006 6.49
26.8 28.1524 54.0799 34.8147 6.16
33.6 28.1203 54.1189 34.9924 5.82
40.3 28.3039 54.2834 34.9891 5.49
47.0 28.2615 54.3499 35.0455 5.15
53.7 27.6391 53.7299 35.0582 4.82
60.4 26.4630 52.6826 35.0051 4.48
67.1 25.4760 51.9283 35.0726 4.14
73.8 24.4255 51.1735 35.1575 3.81
80.5 23.5470 50.4113 35.1023 3.47
87.2 22.2382 49.4854 35.2253 3.14
94.0 21.4597 48.9105 35.1998 2.80
100.7 20.4682 47.8167 35.2114 2.47
107.4 19.3397 47.1338 35.2806 2.13
114.1 18.5652 46.3432 35.2793 1.80
120.8 17.3648 45.2825 35.2486 1.46
127.5 16.4988 44.7129 35.3321 1.12
134.2 15.7437 43.7477 35.2260 0.79
140.9 14.2975 42.7577 35.3154 0.45
147.7 13.4370 41.9945 35.3178 0.12
154.4 12.4044 41.0842 35.2754 -0.22
161.1 11.3783 40.2154 35.3093 -0.55
167.8 10.5078 39.5926 35.2321 -0.89
174.5 9.5357 38.5642 35.3421 -1.22
181.2 8.4955 37.6157 35.2876 -1.56
187.9 7.3393 36.5895 35.2715 -1.90
194.6 6.6483 36.0800 35.3506 -2.23
201.3 14.8096 43.0475 35.2634 -2.57
208.1 14.8162 43.1946 35.2285 -2.90
214.8 14.8693 43.2562 35.2213 -3.24
221.5 14.7942 43.1258 35.3297 -3.57
228.2 14.7669 42.9623 35.2355 -3.91
234.9 14.8090 43.3161 35.3874 -4.24
241.6 14.5719 42.7757 35.1956 -4.58
248.3 11.1748 40.1744 35.3846 -4.92
255.0 14.3902 42.8359 35.3104 -5.25
261.7 14.4414 42.6911 35.2950 -5.59
268.5 14.2836 42.8349 35.2727 -5.92
275.2 14.2164 42.8599 35.3199 -6.26
281.9 14.2356 42.6105 35.2981 -6.59
288.6 14.2176 42.6877 35.3551 -6.93
295.3 13.8262 42.3573 35.3057 -7.27
302.0 14.0159 42.5301 35.3075 -7.60
308.7 13.8857 42.4201 35.2818 -7.94
315.4 13.9404 42.6223 35.2971 -8.27
322.1 17.2265 45.2767 35.3154 -8.61
328.9 13.8415 42.1592 35.2145 -8.94
335.6 13.5767 41.8949 35.2326 -9.28
342.3 13.3541 41.8926 35.3372 -9.61
349.0 13.6152 42.1561 35.3085 -9.95
355.7 13.3586 42.0965 35.2908 -10.29
362.4 13.2178 41.7565 35.3009 -10.62
369.1 13.3103 41.9317 35.3174 -10.96
375.8 13.2177 41.7760 35.2730 -11.29
382.6 13.2568 41.9175 35.2611 -11.63
389.3 13.1966 42.0581 35.3098 -11.96
396.0 13.0498 41.5570 35.2511 -12.30
402.7 12.8847 41.5009 35.3204 -12.63
409.4 12.9347 41.5747 35.2149 -12.97
416.1 12.8554 41.6317 35.3515 -13.31
422.8 12.8287 41.6935 35.3236 -13.64
429.5 12.6172 41.3723 35.3128 -13.98
436.2 12.5975 41.3046 35.3491 -14.31
443.0 12.6214 41.4615 35.3833 -14.65
449.7 12.6281 41.4823 35.3507 -14.98
456.4 12.5328 41.2052 35.2080 -15.32
463.1 12.3773 41.0733 35.2360 -15.65
469.8 12.2533 41.0610 35.2688 -15.99
476.5 12.2753 41.1294 35.3013 -16.33
483.2 12.0586 40.9924 35.3259 -16.66
489.9 12.0190 40.8140 35.2637 -17.00
496.6 12.1845 40.9301 35.3093 -17.33
503.4 12.0066 40.7539 35.2622 3.08
510.1 11.8646 40.7462 35.2694 2.93
516.8 11.9151 40.5431 35.2297 2.96
523.5 11.8938 40.6723 35.2538 2.81
530.2 11.6535 40.3645 35.2324 2.95
536.9 11.5881 40.3728 35.2512 2.76
543.6 11.5085 40.5460 35.3527 2.84
550.3 11.5930 40.3973 35.2525 3.08
557.0 11.5269 40.5315 35.4316 3.08
563.8 11.5010 40.2473 35.3247 3.04
570.5 11.3962 40.3505 35.3092 2.90
577.2 11.0650 39.9950 35.2571 3.00
583.9 11.1892 40.3442 35.3350 3.00
590.6 10.9881 39.8515 35.2712 2.88
597.3 10.9756 39.9339 35.3061 3.15
604.0 10.9768 40.0770 35.4280 3.09
610.7 10.9762 40.0604 35.2952 2.98
617.4 10.7364 39.7562 35.3575 3.00
624.2 10.5259 39.5081 35.2648 3.02
630.9 10.7093 39.7388 35.2983 2.80
637.6 10.8885 39.9553 35.3885 2.98
644.3 10.5368 39.4528 35.2687 2.93
651.0 10.4946 39.6180 35.3906 2.90
657.7 10.6010 39.7378 35.3354 2.97
664.4 10.4147 39.2961 35.2719 3.18
671.1 10.3103 39.3892 35.3316 3.06
677.9 10.2657 39.2873 35.3486 2.94
684.6 10.1794 39.3835 35.3311 3.06
691.3 9.9733 38.8124 35.2215 3.14
698.0 9.8860 38.8810 35.2636 3.09
704.7 10.1417 39.2242 35.2876 3.01
711.4 9.9043 39.1477 35.2963 2.94
718.1 9.8288 38.9585 35.3310 3.07
724.8 9.7427 38.8115 35.3089 3.04
731.5 9.7627 38.9904 35.2332 3.09
738.3 9.8713 38.8475 35.3190 3.06
745.0 9.6027 38.5528 35.3305 3.10
751.7 9.4244 38.6601 35.3280 2.95
758.4 9.4028 38.5767 35.3540 3.13
765.1 9.4561 38.5588 35.3417 3.02
771.8 9.2236 38.5103 35.3230 3.21
778.5 9.3000 38.5026 35.2965 2.93
785.2 8.9156 38.0031 35.2170 3.17
791.9 9.0575 38.1690 35.3215 3.02
798.7 9.0762 38.3896 35.3104 2.93
805.4 9.0733 38.3695 35.3136 2.95
812.1 8.7973 37.9724 35.2362 2.97
818.8 8.6618 38.0611 35.2459 3.04
825.5 8.7189 37.9349 35.3527 3.05
832.2 8.5653 37.6983 35.2980 2.94
838.9 8.5958 37.8480 35.3341 3.00
845.6 8.5430 37.8328 35.3014 3.21
852.3 8.3446 37.6905 35.3015 3.17
859.1 8.4898 37.8180 35.3469 3.04
865.8 8.3266 37.6589 35.2742 3.00
872.5 8.3832 37.5815 35.3048 3.01
879.2 8.0236 37.5100 35.2769 3.06
885.9 8.0392 37.3736 35.2783 2.90
892.6 8.1255 37.5763 35.2845 2.97
899.3 7.9268 37.3554 35.3111 2.83
906.0 7.9231 37.3277 35.2761 3.04
912.8 7.8726 37.3877 35.3628 3.06
919.5 7.8212 37.2186 35.2553 2.95
926.2 7.6705 37.1455 35.2907 3.16
932.9 7.6861 37.2156 35.2780 2.88
939.6 7.5258 37.0629 35.3723 2.85
946.3 7.6043 37.1181 35.3098 3.02
953.0 7.4583 36.9561 35.3516 3.10
959.7 7.4182 36.9437 35.2257 3.17
966.4 7.5926 36.9764 35.3134 2.95
973.2 7.1577 36.8794 35.3445 3.11
979.9 7.3402 36.8131 35.3041 3.00
986.6 6.8683 36.3155 35.3533 2.98
993.3 6.8593 36.3830 35.2741 3.09
1000.0 6.8759 36.4171 35.3705 3.07
